					 Schroefblad350 (4ms)_Performance.txt 

					 OpenProp Performance Table

Date and time: 2020-04-02 17:44:19

 r/R	 V*	 beta	 betai	 Gamma	 CL	 Sigma	 dBetai
0.223	 4.38	 65.83	 67.26	 0.0515	 0.709	 13.329	 12.08
0.262	 4.52	 62.16	 63.64	 0.0532	 0.639	 12.492	 13.45
0.301	 4.68	 58.72	 60.33	 0.0557	 0.599	 11.671	 14.43
0.341	 4.85	 55.52	 57.23	 0.0583	 0.568	 10.852	 15.16
0.380	 5.04	 52.54	 54.34	 0.0608	 0.539	 10.058	 15.69
0.419	 5.24	 49.78	 51.64	 0.0632	 0.514	 9.303	 16.03
0.459	 5.45	 47.24	 49.12	 0.0651	 0.493	 8.593	 16.22
0.498	 5.67	 44.88	 46.79	 0.0667	 0.474	 7.933	 16.30
0.538	 5.89	 42.70	 44.62	 0.0678	 0.459	 7.324	 16.27
0.577	 6.13	 40.69	 42.61	 0.0684	 0.446	 6.765	 16.17
0.616	 6.38	 38.83	 40.73	 0.0685	 0.435	 6.253	 16.01
0.656	 6.63	 37.11	 38.99	 0.0679	 0.421	 5.786	 15.80
0.695	 6.88	 35.52	 37.37	 0.0668	 0.407	 5.360	 15.56
0.734	 7.14	 34.04	 35.87	 0.0649	 0.392	 4.973	 15.30
0.774	 7.41	 32.67	 34.46	 0.0622	 0.378	 4.620	 15.02
0.813	 7.68	 31.39	 33.15	 0.0586	 0.367	 4.299	 14.72
0.852	 7.95	 30.20	 31.92	 0.0539	 0.357	 4.006	 14.42
0.892	 8.22	 29.09	 30.77	 0.0477	 0.342	 3.739	 14.12
0.931	 8.50	 28.05	 29.70	 0.0393	 0.322	 3.496	 13.82
0.970	 8.78	 27.07	 28.69	 0.0269	 0.331	 3.273	 13.52

r/R 	 [ ], radial position of control points / propeller radius.
V* 	 [m/s], total inflow velocity.
beta 	 [deg], undisturbed flow angle.
betai 	 [deg], hydrodynamic Pitch angle.
Gamma 	 [m^2/s], vortex sheet strength.
CL 	 [ ], section lift coefficient.
Sigma 	 [ ], cavitation number.
d_alpha  [deg], inflow variation bucket width.
