					 Schroefblad350 (40N)_Performance.txt 

					 OpenProp Performance Table

Date and time: 2020-04-02 17:45:04

 r/R	 V*	 beta	 betai	 Gamma	 CL	 Sigma	 dBetai
0.223	 3.31	 57.13	 58.24	 0.0241	 0.441	 23.406	 15.30
0.262	 3.49	 52.75	 53.83	 0.0248	 0.387	 20.989	 16.20
0.301	 3.69	 48.82	 49.95	 0.0259	 0.353	 18.762	 16.62
0.341	 3.91	 45.32	 46.47	 0.0269	 0.326	 16.733	 16.75
0.380	 4.14	 42.19	 43.35	 0.0279	 0.301	 14.919	 16.66
0.419	 4.38	 39.40	 40.55	 0.0287	 0.280	 13.317	 16.43
0.459	 4.63	 36.90	 38.04	 0.0294	 0.262	 11.910	 16.10
0.498	 4.88	 34.67	 35.78	 0.0299	 0.246	 10.680	 15.70
0.538	 5.15	 32.66	 33.74	 0.0302	 0.234	 9.606	 15.26
0.577	 5.42	 30.85	 31.90	 0.0302	 0.223	 8.666	 14.81
0.616	 5.69	 29.21	 30.23	 0.0300	 0.214	 7.844	 14.35
0.656	 5.97	 27.72	 28.71	 0.0296	 0.204	 7.124	 13.89
0.695	 6.25	 26.37	 27.33	 0.0290	 0.194	 6.490	 13.44
0.734	 6.54	 25.13	 26.06	 0.0280	 0.185	 5.931	 13.00
0.774	 6.83	 24.00	 24.90	 0.0267	 0.176	 5.436	 12.58
0.813	 7.12	 22.96	 23.83	 0.0251	 0.170	 4.997	 12.17
0.852	 7.41	 22.01	 22.85	 0.0230	 0.163	 4.607	 11.78
0.892	 7.71	 21.12	 21.93	 0.0203	 0.155	 4.258	 11.41
0.931	 8.00	 20.30	 21.09	 0.0167	 0.145	 3.945	 11.05
0.970	 8.30	 19.54	 20.30	 0.0114	 0.148	 3.664	 10.72

r/R 	 [ ], radial position of control points / propeller radius.
V* 	 [m/s], total inflow velocity.
beta 	 [deg], undisturbed flow angle.
betai 	 [deg], hydrodynamic Pitch angle.
Gamma 	 [m^2/s], vortex sheet strength.
CL 	 [ ], section lift coefficient.
Sigma 	 [ ], cavitation number.
d_alpha  [deg], inflow variation bucket width.
