					 Solar_Performance.txt 

					 OpenProp Performance Table

Date and time: 2020-11-03 14:41:50

 r/R	 V*	 beta	 betai	 Gamma	 CL	 Sigma	 dBetai
0.189	 5.60	 69.56	 70.38	 0.0378	 0.456	 8.159	 11.08
0.230	 5.77	 65.59	 66.46	 0.0396	 0.405	 7.696	 12.77
0.271	 5.95	 61.86	 62.83	 0.0421	 0.377	 7.213	 14.05
0.312	 6.17	 58.37	 59.42	 0.0448	 0.360	 6.721	 15.03
0.353	 6.40	 55.12	 56.23	 0.0474	 0.344	 6.235	 15.75
0.394	 6.65	 52.11	 53.27	 0.0497	 0.327	 5.766	 16.24
0.435	 6.92	 49.33	 50.52	 0.0518	 0.314	 5.322	 16.54
0.476	 7.21	 46.76	 47.97	 0.0535	 0.302	 4.907	 16.68
0.517	 7.50	 44.39	 45.61	 0.0547	 0.292	 4.521	 16.71
0.558	 7.81	 42.20	 43.42	 0.0555	 0.283	 4.167	 16.63
0.599	 8.13	 40.19	 41.40	 0.0558	 0.276	 3.842	 16.48
0.641	 8.46	 38.33	 39.53	 0.0556	 0.268	 3.546	 16.28
0.682	 8.80	 36.61	 37.79	 0.0549	 0.259	 3.277	 16.03
0.723	 9.15	 35.02	 36.18	 0.0535	 0.250	 3.032	 15.75
0.764	 9.50	 33.54	 34.69	 0.0514	 0.241	 2.810	 15.45
0.805	 9.86	 32.18	 33.30	 0.0485	 0.233	 2.607	 15.13
0.846	 10.22	 30.91	 32.00	 0.0447	 0.227	 2.424	 14.81
0.887	 10.59	 29.72	 30.79	 0.0396	 0.218	 2.257	 14.49
0.928	 10.96	 28.62	 29.67	 0.0327	 0.204	 2.105	 14.16
0.969	 11.33	 27.59	 28.61	 0.0225	 0.209	 1.966	 13.84

r/R 	 [ ], radial position of control points / propeller radius.
V* 	 [m/s], total inflow velocity.
beta 	 [deg], undisturbed flow angle.
betai 	 [deg], hydrodynamic Pitch angle.
Gamma 	 [m^2/s], vortex sheet strength.
CL 	 [ ], section lift coefficient.
Sigma 	 [ ], cavitation number.
d_alpha  [deg], inflow variation bucket width.
