					 DefaultPropeller_Performance.txt 

					 OpenProp Performance Table

Date and time: 2022-07-26 19:56:03

 r/R	 V*	 beta	 betai	 Gamma	 CL	 Sigma	 dBetai
0.241	 6.72	 27.81	 42.68	 0.3501	 3.642	 5.676	 9.83
0.280	 7.07	 24.47	 40.54	 0.3723	 3.368	 5.112	 9.06
0.318	 7.76	 21.81	 38.38	 0.4019	 3.103	 4.250	 8.47
0.357	 8.55	 19.65	 36.18	 0.4329	 2.855	 3.494	 8.00
0.395	 9.39	 17.86	 34.08	 0.4630	 2.637	 2.899	 7.61
0.433	 10.24	 16.37	 32.13	 0.4907	 2.464	 2.435	 7.24
0.472	 11.11	 15.10	 30.34	 0.5154	 2.316	 2.069	 6.91
0.510	 11.98	 14.01	 28.70	 0.5365	 2.193	 1.777	 6.60
0.549	 12.86	 13.06	 27.21	 0.5536	 2.097	 1.541	 6.31
0.587	 13.75	 12.24	 25.85	 0.5665	 2.020	 1.347	 6.04
0.626	 14.64	 11.51	 24.60	 0.5747	 1.947	 1.188	 5.78
0.664	 15.54	 10.86	 23.45	 0.5778	 1.874	 1.054	 5.55
0.702	 16.43	 10.28	 22.40	 0.5753	 1.802	 0.942	 5.33
0.741	 17.33	 9.75	 21.43	 0.5664	 1.733	 0.846	 5.12
0.779	 18.23	 9.28	 20.54	 0.5501	 1.674	 0.764	 4.92
0.818	 19.14	 8.85	 19.71	 0.5250	 1.629	 0.693	 4.74
0.856	 20.04	 8.46	 18.93	 0.4888	 1.586	 0.632	 4.57
0.894	 20.95	 8.10	 18.21	 0.4380	 1.521	 0.578	 4.41
0.933	 21.85	 7.77	 17.54	 0.3656	 1.439	 0.531	 4.26
0.971	 22.76	 7.47	 16.90	 0.2538	 1.490	 0.489	 4.12

r/R 	 [ ], radial position of control points / propeller radius.
V* 	 [m/s], total inflow velocity.
beta 	 [deg], undisturbed flow angle.
betai 	 [deg], hydrodynamic Pitch angle.
Gamma 	 [m^2/s], vortex sheet strength.
CL 	 [ ], section lift coefficient.
Sigma 	 [ ], cavitation number.
d_alpha  [deg], inflow variation bucket width.
