					 salmon prop v3_Performance.txt 

					 OpenProp Performance Table

Date and time: 2021-05-18 20:44:47

 r/R	 V*	 beta	 betai	 Gamma	 CL	 Sigma	 dBetai
0.209	 10.17	 62.22	 63.34	 0.0657	 0.513	 2.477	 13.78
0.249	 10.63	 57.88	 59.01	 0.0681	 0.452	 2.266	 15.09
0.289	 11.14	 53.91	 55.12	 0.0715	 0.415	 2.063	 15.90
0.329	 11.69	 50.30	 51.57	 0.0750	 0.388	 1.869	 16.39
0.369	 12.30	 47.03	 48.34	 0.0783	 0.363	 1.690	 16.61
0.409	 12.93	 44.08	 45.40	 0.0813	 0.340	 1.527	 16.64
0.449	 13.60	 41.41	 42.73	 0.0837	 0.321	 1.380	 16.53
0.489	 14.30	 39.00	 40.30	 0.0856	 0.304	 1.248	 16.31
0.529	 15.02	 36.81	 38.10	 0.0868	 0.290	 1.131	 16.02
0.569	 15.75	 34.83	 36.09	 0.0874	 0.279	 1.027	 15.67
0.609	 16.51	 33.02	 34.26	 0.0872	 0.268	 0.934	 15.30
0.649	 17.28	 31.38	 32.58	 0.0863	 0.257	 0.852	 14.90
0.689	 18.06	 29.88	 31.05	 0.0846	 0.246	 0.780	 14.50
0.730	 18.86	 28.50	 29.64	 0.0820	 0.235	 0.715	 14.10
0.770	 19.66	 27.23	 28.34	 0.0785	 0.225	 0.657	 13.70
0.810	 20.48	 26.07	 27.14	 0.0738	 0.217	 0.606	 13.30
0.850	 21.30	 24.99	 26.03	 0.0677	 0.209	 0.560	 12.92
0.890	 22.13	 23.99	 25.01	 0.0598	 0.199	 0.518	 12.55
0.930	 22.96	 23.07	 24.05	 0.0492	 0.186	 0.481	 12.19
0.970	 23.80	 22.21	 23.16	 0.0337	 0.190	 0.447	 11.85

r/R 	 [ ], radial position of control points / propeller radius.
V* 	 [m/s], total inflow velocity.
beta 	 [deg], undisturbed flow angle.
betai 	 [deg], hydrodynamic Pitch angle.
Gamma 	 [m^2/s], vortex sheet strength.
CL 	 [ ], section lift coefficient.
Sigma 	 [ ], cavitation number.
d_alpha  [deg], inflow variation bucket width.
