					 DefaultPropeller_Performance.txt 

					 OpenProp Performance Table

Date and time: 2020-12-11 16:10:21

 r/R	 V*	 beta	 betai	 Gamma	 CL	 Sigma	 dBetai
0.200	 6.41	 38.48	 41.98	 0.0830	 0.923	 6.223	 15.22
0.241	 7.25	 33.47	 36.68	 0.0855	 0.743	 4.870	 14.67
0.281	 8.11	 29.51	 32.62	 0.0892	 0.632	 3.888	 13.81
0.322	 9.01	 26.32	 29.28	 0.0927	 0.552	 3.149	 12.93
0.362	 9.93	 23.72	 26.51	 0.0958	 0.485	 2.589	 12.08
0.403	 10.87	 21.56	 24.17	 0.0983	 0.431	 2.159	 11.29
0.443	 11.82	 19.75	 22.20	 0.1002	 0.389	 1.824	 10.57
0.484	 12.79	 18.21	 20.50	 0.1015	 0.354	 1.559	 9.91
0.524	 13.76	 16.89	 19.04	 0.1023	 0.327	 1.346	 9.31
0.565	 14.74	 15.74	 17.77	 0.1025	 0.305	 1.172	 8.77
0.605	 15.72	 14.73	 16.65	 0.1021	 0.288	 1.030	 8.29
0.646	 16.71	 13.85	 15.66	 0.1010	 0.272	 0.911	 7.85
0.686	 17.70	 13.06	 14.78	 0.0992	 0.257	 0.812	 7.45
0.727	 18.69	 12.35	 13.99	 0.0965	 0.243	 0.727	 7.08
0.767	 19.68	 11.72	 13.27	 0.0928	 0.231	 0.655	 6.75
0.808	 20.68	 11.15	 12.63	 0.0878	 0.222	 0.593	 6.44
0.848	 21.68	 10.63	 12.05	 0.0811	 0.215	 0.539	 6.16
0.889	 22.68	 10.15	 11.51	 0.0723	 0.205	 0.492	 5.91
0.929	 23.69	 9.72	 11.02	 0.0600	 0.192	 0.451	 5.67
0.970	 24.69	 9.32	 10.57	 0.0415	 0.197	 0.415	 5.45

r/R 	 [ ], radial position of control points / propeller radius.
V* 	 [m/s], total inflow velocity.
beta 	 [deg], undisturbed flow angle.
betai 	 [deg], hydrodynamic Pitch angle.
Gamma 	 [m^2/s], vortex sheet strength.
CL 	 [ ], section lift coefficient.
Sigma 	 [ ], cavitation number.
d_alpha  [deg], inflow variation bucket width.
