					 DefaultPropeller_Performance.txt 

					 OpenProp Performance Table

Date and time: 2021-03-15 16:42:05

 r/R	 V*	 beta	 betai	 Gamma	 CL	 Sigma	 dBetai
0.264	 6.02	 55.86	 59.09	 0.1171	 1.069	 7.053	 13.83
0.302	 6.33	 52.27	 55.47	 0.1196	 0.980	 6.392	 14.67
0.339	 6.62	 49.00	 52.36	 0.1234	 0.919	 5.837	 15.08
0.376	 6.94	 46.02	 49.50	 0.1274	 0.865	 5.310	 15.29
0.413	 7.27	 43.32	 46.86	 0.1312	 0.818	 4.826	 15.36
0.451	 7.63	 40.86	 44.43	 0.1345	 0.777	 4.387	 15.32
0.488	 7.99	 38.62	 42.20	 0.1372	 0.741	 3.992	 15.20
0.525	 8.37	 36.59	 40.14	 0.1391	 0.709	 3.638	 15.01
0.562	 8.76	 34.73	 38.24	 0.1401	 0.683	 3.321	 14.77
0.600	 9.16	 33.03	 36.48	 0.1403	 0.659	 3.038	 14.49
0.637	 9.56	 31.47	 34.86	 0.1394	 0.634	 2.786	 14.20
0.674	 9.97	 30.04	 33.36	 0.1374	 0.607	 2.560	 13.88
0.711	 10.39	 28.72	 31.97	 0.1343	 0.580	 2.357	 13.56
0.749	 10.81	 27.51	 30.68	 0.1299	 0.553	 2.176	 13.24
0.786	 11.24	 26.38	 29.48	 0.1239	 0.529	 2.013	 12.92
0.823	 11.67	 25.34	 28.37	 0.1163	 0.507	 1.866	 12.60
0.860	 12.10	 24.37	 27.32	 0.1065	 0.483	 1.734	 12.28
0.898	 12.54	 23.47	 26.35	 0.0939	 0.448	 1.614	 11.98
0.935	 12.98	 22.63	 25.43	 0.0772	 0.402	 1.506	 11.68
0.972	 13.42	 21.85	 24.57	 0.0528	 0.396	 1.407	 11.39

r/R 	 [ ], radial position of control points / propeller radius.
V* 	 [m/s], total inflow velocity.
beta 	 [deg], undisturbed flow angle.
betai 	 [deg], hydrodynamic Pitch angle.
Gamma 	 [m^2/s], vortex sheet strength.
CL 	 [ ], section lift coefficient.
Sigma 	 [ ], cavitation number.
d_alpha  [deg], inflow variation bucket width.
