					 1300 watt_Performance.txt 

					 OpenProp Performance Table

Date and time: 2020-07-02 15:01:47

 r/R	 V*	 beta	 betai	 Gamma	 CL	 Sigma	 dBetai
0.223	 5.49	 59.15	 61.12	 0.0786	 0.863	 8.477	 13.97
0.262	 5.77	 54.89	 56.87	 0.0811	 0.763	 7.670	 15.09
0.301	 6.07	 51.04	 53.14	 0.0846	 0.703	 6.934	 15.69
0.341	 6.39	 47.57	 49.75	 0.0884	 0.654	 6.245	 16.01
0.380	 6.74	 44.44	 46.66	 0.0919	 0.608	 5.617	 16.11
0.419	 7.10	 41.62	 43.86	 0.0950	 0.570	 5.053	 16.05
0.459	 7.48	 39.09	 41.32	 0.0975	 0.537	 4.550	 15.88
0.498	 7.88	 36.80	 39.01	 0.0994	 0.508	 4.104	 15.62
0.538	 8.28	 34.73	 36.90	 0.1006	 0.485	 3.710	 15.30
0.577	 8.70	 32.86	 34.99	 0.1011	 0.465	 3.363	 14.94
0.616	 9.12	 31.16	 33.24	 0.1008	 0.447	 3.056	 14.57
0.656	 9.55	 29.62	 31.64	 0.0996	 0.428	 2.785	 14.17
0.695	 9.99	 28.20	 30.17	 0.0975	 0.409	 2.545	 13.78
0.734	 10.43	 26.91	 28.82	 0.0945	 0.391	 2.332	 13.39
0.774	 10.88	 25.72	 27.57	 0.0903	 0.374	 2.143	 13.00
0.813	 11.33	 24.63	 26.43	 0.0848	 0.361	 1.974	 12.62
0.852	 11.78	 23.62	 25.36	 0.0778	 0.348	 1.823	 12.26
0.892	 12.24	 22.68	 24.38	 0.0687	 0.331	 1.688	 11.90
0.931	 12.70	 21.81	 23.46	 0.0565	 0.310	 1.567	 11.56
0.970	 13.17	 21.01	 22.60	 0.0387	 0.317	 1.457	 11.23

r/R 	 [ ], radial position of control points / propeller radius.
V* 	 [m/s], total inflow velocity.
beta 	 [deg], undisturbed flow angle.
betai 	 [deg], hydrodynamic Pitch angle.
Gamma 	 [m^2/s], vortex sheet strength.
CL 	 [ ], section lift coefficient.
Sigma 	 [ ], cavitation number.
d_alpha  [deg], inflow variation bucket width.
