					 900 watt_Performance.txt 

					 OpenProp Performance Table

Date and time: 2020-07-02 16:06:57

 r/R	 V*	 beta	 betai	 Gamma	 CL	 Sigma	 dBetai
0.223	 4.77	 57.51	 59.55	 0.0676	 0.855	 11.250	 14.40
0.262	 5.03	 53.16	 55.17	 0.0697	 0.752	 10.090	 15.41
0.301	 5.31	 49.24	 51.37	 0.0727	 0.689	 9.046	 15.89
0.341	 5.62	 45.74	 47.94	 0.0758	 0.638	 8.084	 16.10
0.380	 5.94	 42.61	 44.84	 0.0788	 0.591	 7.220	 16.10
0.419	 6.29	 39.82	 42.04	 0.0813	 0.551	 6.454	 15.95
0.459	 6.64	 37.31	 39.51	 0.0834	 0.518	 5.780	 15.69
0.498	 7.01	 35.07	 37.23	 0.0849	 0.488	 5.189	 15.36
0.538	 7.38	 33.04	 35.16	 0.0859	 0.464	 4.671	 14.99
0.577	 7.77	 31.22	 33.29	 0.0862	 0.444	 4.217	 14.58
0.616	 8.16	 29.57	 31.58	 0.0858	 0.426	 3.820	 14.16
0.656	 8.55	 28.07	 30.02	 0.0847	 0.407	 3.471	 13.74
0.695	 8.96	 26.71	 28.60	 0.0829	 0.388	 3.164	 13.33
0.734	 9.36	 25.46	 27.30	 0.0803	 0.370	 2.893	 12.92
0.774	 9.78	 24.32	 26.10	 0.0767	 0.353	 2.653	 12.52
0.813	 10.19	 23.27	 24.99	 0.0720	 0.340	 2.439	 12.13
0.852	 10.61	 22.30	 23.97	 0.0660	 0.328	 2.249	 11.76
0.892	 11.03	 21.41	 23.03	 0.0583	 0.312	 2.079	 11.40
0.931	 11.45	 20.58	 22.15	 0.0479	 0.291	 1.927	 11.06
0.970	 11.88	 19.81	 21.33	 0.0328	 0.298	 1.790	 10.73

r/R 	 [ ], radial position of control points / propeller radius.
V* 	 [m/s], total inflow velocity.
beta 	 [deg], undisturbed flow angle.
betai 	 [deg], hydrodynamic Pitch angle.
Gamma 	 [m^2/s], vortex sheet strength.
CL 	 [ ], section lift coefficient.
Sigma 	 [ ], cavitation number.
d_alpha  [deg], inflow variation bucket width.
