					 Constante corde 2.0_Performance.txt 

					 OpenProp Performance Table

Date and time: 2020-01-16 11:18:09

 r/R	 V*	 beta	 betai	 Gamma	 CL	 Sigma	 dBetai
0.202	 3.61	 50.05	 53.85	 0.0830	 1.740	 19.588	 14.62
0.242	 3.94	 44.85	 48.63	 0.0863	 1.659	 16.482	 15.18
0.283	 4.27	 40.45	 44.38	 0.0908	 1.610	 13.998	 15.13
0.323	 4.63	 36.73	 40.67	 0.0954	 1.559	 11.891	 14.85
0.364	 5.01	 33.55	 37.44	 0.0995	 1.503	 10.151	 14.43
0.404	 5.41	 30.83	 34.62	 0.1030	 1.444	 8.721	 13.93
0.444	 5.81	 28.49	 32.14	 0.1059	 1.380	 7.544	 13.38
0.485	 6.23	 26.45	 29.96	 0.1079	 1.314	 6.572	 12.83
0.525	 6.65	 24.66	 28.03	 0.1092	 1.245	 5.763	 12.29
0.566	 7.07	 23.09	 26.32	 0.1097	 1.175	 5.086	 11.76
0.606	 7.50	 21.70	 24.79	 0.1093	 1.104	 4.516	 11.26
0.646	 7.94	 20.46	 23.42	 0.1081	 1.032	 4.032	 10.78
0.687	 8.38	 19.35	 22.18	 0.1059	 0.958	 3.619	 10.34
0.727	 8.82	 18.35	 21.06	 0.1026	 0.881	 3.264	 9.91
0.768	 9.26	 17.44	 20.05	 0.0982	 0.801	 2.957	 9.52
0.808	 9.70	 16.62	 19.12	 0.0924	 0.719	 2.690	 9.15
0.848	 10.15	 15.87	 18.27	 0.0849	 0.636	 2.456	 8.80
0.889	 10.60	 15.18	 17.50	 0.0750	 0.543	 2.251	 8.47
0.929	 11.05	 14.55	 16.78	 0.0619	 0.424	 2.070	 8.17
0.970	 11.50	 13.97	 16.11	 0.0424	 0.278	 1.909	 7.88

r/R 	 [ ], radial position of control points / propeller radius.
V* 	 [m/s], total inflow velocity.
beta 	 [deg], undisturbed flow angle.
betai 	 [deg], hydrodynamic Pitch angle.
Gamma 	 [m^2/s], vortex sheet strength.
CL 	 [ ], section lift coefficient.
Sigma 	 [ ], cavitation number.
d_alpha  [deg], inflow variation bucket width.
