					 Fabricage Blad_Performance.txt 

					 OpenProp Performance Table

Date and time: 2020-01-09 11:10:48

 r/R	 V*	 beta	 betai	 Gamma	 CL	 Sigma	 dBetai
0.202	 3.61	 50.05	 53.86	 0.0832	 1.484	 19.588	 14.61
0.242	 3.94	 44.85	 48.64	 0.0865	 1.251	 16.482	 15.17
0.283	 4.27	 40.45	 44.39	 0.0910	 1.109	 13.998	 15.13
0.323	 4.63	 36.73	 40.68	 0.0956	 1.002	 11.891	 14.85
0.364	 5.01	 33.55	 37.45	 0.0997	 0.908	 10.151	 14.42
0.404	 5.41	 30.83	 34.62	 0.1033	 0.827	 8.721	 13.92
0.444	 5.81	 28.49	 32.15	 0.1061	 0.761	 7.545	 13.38
0.485	 6.23	 26.45	 29.97	 0.1082	 0.704	 6.572	 12.83
0.525	 6.65	 24.66	 28.04	 0.1095	 0.658	 5.763	 12.29
0.566	 7.07	 23.09	 26.33	 0.1100	 0.621	 5.086	 11.76
0.606	 7.50	 21.70	 24.80	 0.1096	 0.589	 4.516	 11.26
0.646	 7.94	 20.46	 23.42	 0.1083	 0.559	 4.032	 10.78
0.687	 8.38	 19.35	 22.19	 0.1061	 0.529	 3.619	 10.33
0.727	 8.82	 18.35	 21.07	 0.1029	 0.500	 3.264	 9.91
0.768	 9.26	 17.44	 20.05	 0.0985	 0.475	 2.957	 9.52
0.808	 9.70	 16.62	 19.13	 0.0926	 0.455	 2.690	 9.15
0.848	 10.15	 15.87	 18.28	 0.0851	 0.437	 2.456	 8.80
0.889	 10.60	 15.18	 17.50	 0.0752	 0.415	 2.251	 8.47
0.929	 11.05	 14.55	 16.78	 0.0620	 0.386	 2.070	 8.17
0.970	 11.50	 13.97	 16.12	 0.0425	 0.394	 1.909	 7.88

r/R 	 [ ], radial position of control points / propeller radius.
V* 	 [m/s], total inflow velocity.
beta 	 [deg], undisturbed flow angle.
betai 	 [deg], hydrodynamic Pitch angle.
Gamma 	 [m^2/s], vortex sheet strength.
CL 	 [ ], section lift coefficient.
Sigma 	 [ ], cavitation number.
d_alpha  [deg], inflow variation bucket width.
