					 Kangoeroe(10km,400rpm)_Performance.txt 

					 OpenProp Performance Table

Date and time: 2020-08-19 16:11:23

 r/R	 V*	 beta	 betai	 Gamma	 CL	 Sigma	 dBetai
0.189	 3.27	 57.95	 60.19	 0.0485	 1.002	 23.893	 14.09
0.230	 3.49	 52.68	 54.96	 0.0507	 0.858	 20.960	 15.29
0.271	 3.73	 48.06	 50.49	 0.0538	 0.768	 18.353	 15.80
0.312	 3.99	 44.02	 46.53	 0.0569	 0.705	 16.014	 15.95
0.353	 4.27	 40.49	 43.02	 0.0598	 0.649	 13.976	 15.84
0.394	 4.57	 37.41	 39.92	 0.0623	 0.597	 12.225	 15.57
0.435	 4.87	 34.71	 37.17	 0.0643	 0.554	 10.731	 15.18
0.476	 5.19	 32.33	 34.73	 0.0659	 0.517	 9.459	 14.73
0.517	 5.51	 30.23	 32.55	 0.0669	 0.485	 8.375	 14.25
0.558	 5.84	 28.36	 30.60	 0.0674	 0.460	 7.450	 13.75
0.599	 6.18	 26.70	 28.86	 0.0673	 0.439	 6.658	 13.25
0.641	 6.52	 25.20	 27.29	 0.0667	 0.417	 5.976	 12.77
0.682	 6.86	 23.86	 25.86	 0.0654	 0.396	 5.388	 12.30
0.723	 7.21	 22.64	 24.57	 0.0635	 0.376	 4.877	 11.84
0.764	 7.56	 21.54	 23.40	 0.0607	 0.357	 4.432	 11.41
0.805	 7.92	 20.53	 22.33	 0.0572	 0.342	 4.042	 11.00
0.846	 8.27	 19.61	 21.34	 0.0525	 0.329	 3.699	 10.61
0.887	 8.63	 18.77	 20.44	 0.0464	 0.313	 3.397	 10.24
0.928	 8.99	 17.99	 19.60	 0.0382	 0.291	 3.128	 9.89
0.969	 9.35	 17.28	 18.83	 0.0262	 0.296	 2.890	 9.56

r/R 	 [ ], radial position of control points / propeller radius.
V* 	 [m/s], total inflow velocity.
beta 	 [deg], undisturbed flow angle.
betai 	 [deg], hydrodynamic Pitch angle.
Gamma 	 [m^2/s], vortex sheet strength.
CL 	 [ ], section lift coefficient.
Sigma 	 [ ], cavitation number.
d_alpha  [deg], inflow variation bucket width.
