					 Oudstaartstuk_Performance.txt 

					 OpenProp Performance Table

Date and time: 2020-02-04 15:06:07

 r/R	 V*	 beta	 betai	 Gamma	 CL	 Sigma	 dBetai
0.210	 3.62	 50.08	 52.77	 0.0598	 0.972	 19.571	 15.40
0.250	 3.92	 45.11	 47.71	 0.0618	 0.824	 16.628	 15.88
0.290	 4.24	 40.87	 43.53	 0.0646	 0.733	 14.200	 15.80
0.330	 4.58	 37.25	 39.91	 0.0674	 0.662	 12.146	 15.48
0.370	 4.94	 34.14	 36.75	 0.0700	 0.600	 10.436	 15.02
0.410	 5.32	 31.47	 34.00	 0.0722	 0.547	 9.019	 14.49
0.450	 5.70	 29.14	 31.59	 0.0739	 0.504	 7.843	 13.92
0.490	 6.09	 27.11	 29.46	 0.0751	 0.467	 6.863	 13.34
0.530	 6.49	 25.33	 27.58	 0.0758	 0.436	 6.043	 12.77
0.570	 6.89	 23.76	 25.91	 0.0760	 0.412	 5.353	 12.23
0.610	 7.30	 22.36	 24.42	 0.0756	 0.391	 4.768	 11.71
0.650	 7.71	 21.10	 23.08	 0.0746	 0.371	 4.269	 11.21
0.690	 8.13	 19.98	 21.87	 0.0730	 0.351	 3.841	 10.75
0.730	 8.54	 18.97	 20.78	 0.0706	 0.333	 3.472	 10.31
0.770	 8.96	 18.05	 19.79	 0.0675	 0.316	 3.152	 9.90
0.810	 9.39	 17.21	 18.88	 0.0635	 0.303	 2.873	 9.52
0.850	 9.81	 16.44	 18.05	 0.0582	 0.291	 2.628	 9.16
0.890	 10.24	 15.74	 17.29	 0.0515	 0.276	 2.412	 8.82
0.930	 10.66	 15.10	 16.59	 0.0424	 0.257	 2.221	 8.51
0.970	 11.09	 14.50	 15.93	 0.0291	 0.262	 2.051	 8.21

r/R 	 [ ], radial position of control points / propeller radius.
V* 	 [m/s], total inflow velocity.
beta 	 [deg], undisturbed flow angle.
betai 	 [deg], hydrodynamic Pitch angle.
Gamma 	 [m^2/s], vortex sheet strength.
CL 	 [ ], section lift coefficient.
Sigma 	 [ ], cavitation number.
d_alpha  [deg], inflow variation bucket width.
