					 Salmon prop v1_Performance.txt 

					 OpenProp Performance Table

Date and time: 2021-03-11 13:18:04

 r/R	 V*	 beta	 betai	 Gamma	 CL	 Sigma	 dBetai
0.209	 5.66	 61.84	 64.62	 0.0993	 1.391	 7.994	 12.33
0.249	 5.93	 57.46	 60.34	 0.1031	 1.225	 7.269	 13.68
0.289	 6.22	 53.47	 56.62	 0.1087	 1.132	 6.620	 14.47
0.329	 6.53	 49.85	 53.18	 0.1145	 1.062	 5.993	 14.98
0.369	 6.87	 46.58	 50.03	 0.1201	 0.995	 5.411	 15.27
0.409	 7.23	 43.62	 47.14	 0.1251	 0.936	 4.881	 15.37
0.449	 7.61	 40.96	 44.51	 0.1294	 0.887	 4.404	 15.34
0.489	 8.01	 38.55	 42.09	 0.1327	 0.842	 3.979	 15.21
0.529	 8.41	 36.37	 39.88	 0.1351	 0.806	 3.601	 15.00
0.569	 8.83	 34.40	 37.86	 0.1364	 0.776	 3.266	 14.73
0.609	 9.26	 32.61	 36.01	 0.1366	 0.749	 2.969	 14.43
0.649	 9.70	 30.97	 34.30	 0.1356	 0.720	 2.706	 14.11
0.689	 10.14	 29.48	 32.74	 0.1333	 0.690	 2.473	 13.77
0.730	 10.59	 28.11	 31.29	 0.1295	 0.660	 2.266	 13.42
0.770	 11.05	 26.86	 29.96	 0.1242	 0.633	 2.082	 13.07
0.810	 11.51	 25.71	 28.72	 0.1169	 0.611	 1.917	 12.72
0.850	 11.98	 24.64	 27.57	 0.1075	 0.591	 1.770	 12.38
0.890	 12.45	 23.66	 26.51	 0.0951	 0.563	 1.638	 12.05
0.930	 12.92	 22.74	 25.51	 0.0784	 0.527	 1.520	 11.72
0.970	 13.39	 21.89	 24.58	 0.0537	 0.539	 1.413	 11.41

r/R 	 [ ], radial position of control points / propeller radius.
V* 	 [m/s], total inflow velocity.
beta 	 [deg], undisturbed flow angle.
betai 	 [deg], hydrodynamic Pitch angle.
Gamma 	 [m^2/s], vortex sheet strength.
CL 	 [ ], section lift coefficient.
Sigma 	 [ ], cavitation number.
d_alpha  [deg], inflow variation bucket width.
