					 Fabricage Defo_Performance.txt 

					 OpenProp Performance Table

Date and time: 2020-01-23 15:42:25

 r/R	 V*	 beta	 betai	 Gamma	 CL	 Sigma	 dBetai
0.202	 3.62	 50.05	 53.34	 0.0693	 1.237	 19.575	 14.98
0.242	 3.94	 44.85	 48.08	 0.0720	 1.041	 16.484	 15.51
0.283	 4.28	 40.45	 43.78	 0.0756	 0.921	 13.982	 15.43
0.323	 4.64	 36.73	 40.06	 0.0793	 0.831	 11.875	 15.12
0.364	 5.02	 33.55	 36.83	 0.0826	 0.752	 10.137	 14.66
0.404	 5.41	 30.83	 34.01	 0.0854	 0.684	 8.709	 14.12
0.444	 5.82	 28.49	 31.55	 0.0877	 0.628	 7.535	 13.55
0.485	 6.23	 26.45	 29.38	 0.0893	 0.581	 6.564	 12.98
0.525	 6.65	 24.66	 27.48	 0.0903	 0.542	 5.757	 12.41
0.566	 7.08	 23.09	 25.78	 0.0906	 0.511	 5.081	 11.87
0.606	 7.51	 21.70	 24.27	 0.0903	 0.485	 4.512	 11.35
0.646	 7.94	 20.46	 22.92	 0.0892	 0.460	 4.029	 10.86
0.687	 8.38	 19.35	 21.70	 0.0873	 0.435	 3.616	 10.40
0.727	 8.82	 18.35	 20.60	 0.0846	 0.411	 3.261	 9.97
0.768	 9.26	 17.44	 19.61	 0.0810	 0.391	 2.955	 9.57
0.808	 9.71	 16.62	 18.70	 0.0762	 0.374	 2.688	 9.19
0.848	 10.15	 15.87	 17.86	 0.0699	 0.359	 2.455	 8.84
0.889	 10.60	 15.18	 17.10	 0.0619	 0.341	 2.250	 8.51
0.929	 11.05	 14.55	 16.40	 0.0510	 0.318	 2.069	 8.20
0.970	 11.50	 13.97	 15.74	 0.0350	 0.324	 1.909	 7.91

r/R 	 [ ], radial position of control points / propeller radius.
V* 	 [m/s], total inflow velocity.
beta 	 [deg], undisturbed flow angle.
betai 	 [deg], hydrodynamic Pitch angle.
Gamma 	 [m^2/s], vortex sheet strength.
CL 	 [ ], section lift coefficient.
Sigma 	 [ ], cavitation number.
d_alpha  [deg], inflow variation bucket width.
