					 Schroefblad350 (600rpm)_Performance.txt 

					 OpenProp Performance Table

Date and time: 2020-04-02 17:46:33

 r/R	 V*	 beta	 betai	 Gamma	 CL	 Sigma	 dBetai
0.223	 4.14	 42.07	 43.82	 0.0328	 0.478	 14.908	 16.34
0.262	 4.56	 37.49	 39.08	 0.0335	 0.399	 12.274	 15.99
0.301	 5.01	 33.70	 35.25	 0.0347	 0.349	 10.198	 15.33
0.341	 5.47	 30.53	 32.03	 0.0358	 0.310	 8.546	 14.58
0.380	 5.94	 27.87	 29.30	 0.0368	 0.276	 7.229	 13.82
0.419	 6.43	 25.60	 26.96	 0.0376	 0.249	 6.173	 13.07
0.459	 6.92	 23.66	 24.94	 0.0382	 0.227	 5.318	 12.36
0.498	 7.42	 21.97	 23.19	 0.0386	 0.209	 4.621	 11.70
0.538	 7.93	 20.50	 21.66	 0.0388	 0.195	 4.046	 11.08
0.577	 8.44	 19.21	 20.30	 0.0387	 0.184	 3.568	 10.52
0.616	 8.96	 18.06	 19.10	 0.0384	 0.174	 3.167	 9.99
0.656	 9.48	 17.04	 18.03	 0.0379	 0.164	 2.828	 9.51
0.695	 10.00	 16.13	 17.07	 0.0370	 0.155	 2.539	 9.07
0.734	 10.52	 15.31	 16.21	 0.0359	 0.147	 2.291	 8.66
0.774	 11.05	 14.56	 15.42	 0.0343	 0.140	 2.076	 8.29
0.813	 11.58	 13.88	 14.71	 0.0323	 0.134	 1.890	 7.94
0.852	 12.10	 13.27	 14.06	 0.0297	 0.129	 1.728	 7.62
0.892	 12.63	 12.70	 13.46	 0.0263	 0.123	 1.585	 7.32
0.931	 13.17	 12.18	 12.91	 0.0218	 0.115	 1.458	 7.04
0.970	 13.70	 11.70	 12.40	 0.0150	 0.118	 1.346	 6.78

r/R 	 [ ], radial position of control points / propeller radius.
V* 	 [m/s], total inflow velocity.
beta 	 [deg], undisturbed flow angle.
betai 	 [deg], hydrodynamic Pitch angle.
Gamma 	 [m^2/s], vortex sheet strength.
CL 	 [ ], section lift coefficient.
Sigma 	 [ ], cavitation number.
d_alpha  [deg], inflow variation bucket width.
