					 Schroefblad350 (160N)_Performance.txt 

					 OpenProp Performance Table

Date and time: 2020-04-02 17:45:22

 r/R	 V*	 beta	 betai	 Gamma	 CL	 Sigma	 dBetai
0.223	 3.30	 57.13	 60.85	 0.0943	 1.725	 23.514	 13.07
0.262	 3.49	 52.75	 56.57	 0.0976	 1.517	 20.957	 14.11
0.301	 3.68	 48.82	 52.92	 0.1022	 1.397	 18.825	 14.60
0.341	 3.90	 45.32	 49.60	 0.1070	 1.299	 16.812	 14.85
0.380	 4.12	 42.19	 46.57	 0.1116	 1.207	 14.999	 14.91
0.419	 4.36	 39.40	 43.82	 0.1157	 1.130	 13.392	 14.84
0.459	 4.61	 36.90	 41.31	 0.1191	 1.064	 11.979	 14.67
0.498	 4.87	 34.67	 39.03	 0.1217	 1.006	 10.741	 14.42
0.538	 5.13	 32.66	 36.95	 0.1235	 0.959	 9.658	 14.12
0.577	 5.40	 30.85	 35.05	 0.1243	 0.921	 8.712	 13.79
0.616	 5.68	 29.21	 33.32	 0.1241	 0.885	 7.884	 13.44
0.656	 5.96	 27.72	 31.73	 0.1229	 0.848	 7.158	 13.08
0.695	 6.24	 26.37	 30.27	 0.1205	 0.810	 6.519	 12.71
0.734	 6.53	 25.13	 28.92	 0.1169	 0.773	 5.956	 12.35
0.774	 6.81	 24.00	 27.69	 0.1119	 0.740	 5.458	 12.00
0.813	 7.11	 22.96	 26.54	 0.1053	 0.713	 5.016	 11.65
0.852	 7.40	 22.01	 25.48	 0.0966	 0.688	 4.623	 11.31
0.892	 7.69	 21.12	 24.49	 0.0854	 0.655	 4.272	 10.99
0.931	 7.99	 20.30	 23.57	 0.0703	 0.613	 3.957	 10.67
0.970	 8.29	 19.54	 22.71	 0.0482	 0.627	 3.675	 10.37

r/R 	 [ ], radial position of control points / propeller radius.
V* 	 [m/s], total inflow velocity.
beta 	 [deg], undisturbed flow angle.
betai 	 [deg], hydrodynamic Pitch angle.
Gamma 	 [m^2/s], vortex sheet strength.
CL 	 [ ], section lift coefficient.
Sigma 	 [ ], cavitation number.
d_alpha  [deg], inflow variation bucket width.
