					 Schroefblad350 (150rpm)_Performance.txt 

					 OpenProp Performance Table

Date and time: 2020-04-02 17:46:48

 r/R	 V*	 beta	 betai	 Gamma	 CL	 Sigma	 dBetai
0.223	 2.88	 74.52	 78.65	 0.1361	 2.854	 30.926	 5.03
0.262	 2.93	 71.95	 76.61	 0.1414	 2.624	 29.851	 5.90
0.301	 2.96	 69.45	 74.84	 0.1490	 2.538	 29.193	 6.53
0.341	 3.00	 67.03	 73.08	 0.1576	 2.481	 28.292	 7.14
0.380	 3.06	 64.70	 71.36	 0.1664	 2.429	 27.328	 7.70
0.419	 3.11	 62.45	 69.69	 0.1751	 2.398	 26.333	 8.21
0.459	 3.17	 60.29	 68.06	 0.1833	 2.381	 25.323	 8.68
0.498	 3.24	 58.21	 66.50	 0.1907	 2.372	 24.309	 9.09
0.538	 3.30	 56.23	 64.98	 0.1971	 2.379	 23.301	 9.45
0.577	 3.38	 54.34	 63.51	 0.2024	 2.399	 22.308	 9.77
0.616	 3.45	 52.53	 62.10	 0.2061	 2.417	 21.334	 10.06
0.656	 3.53	 50.80	 60.73	 0.2082	 2.423	 20.386	 10.30
0.695	 3.61	 49.16	 59.42	 0.2083	 2.418	 19.466	 10.51
0.734	 3.69	 47.59	 58.14	 0.2061	 2.406	 18.578	 10.68
0.774	 3.78	 46.10	 56.91	 0.2011	 2.396	 17.722	 10.83
0.813	 3.87	 44.68	 55.72	 0.1928	 2.398	 16.902	 10.96
0.852	 3.96	 43.32	 54.57	 0.1803	 2.398	 16.116	 11.06
0.892	 4.06	 42.03	 53.46	 0.1623	 2.360	 15.365	 11.14
0.931	 4.15	 40.81	 52.38	 0.1360	 2.280	 14.649	 11.20
0.970	 4.25	 39.64	 51.33	 0.0948	 2.405	 13.963	 11.25

r/R 	 [ ], radial position of control points / propeller radius.
V* 	 [m/s], total inflow velocity.
beta 	 [deg], undisturbed flow angle.
betai 	 [deg], hydrodynamic Pitch angle.
Gamma 	 [m^2/s], vortex sheet strength.
CL 	 [ ], section lift coefficient.
Sigma 	 [ ], cavitation number.
d_alpha  [deg], inflow variation bucket width.
