					 Schroefblad350 (1,5ms)_Performance.txt 

					 OpenProp Performance Table

Date and time: 2020-04-02 17:47:19

 r/R	 V*	 beta	 betai	 Gamma	 CL	 Sigma	 dBetai
0.223	 2.33	 39.88	 44.65	 0.0550	 1.424	 47.127	 14.68
0.262	 2.59	 35.38	 39.86	 0.0565	 1.186	 38.129	 14.46
0.301	 2.85	 31.69	 36.14	 0.0588	 1.040	 31.503	 13.88
0.341	 3.12	 28.63	 32.96	 0.0610	 0.924	 26.213	 13.23
0.380	 3.40	 26.08	 30.23	 0.0630	 0.825	 22.038	 12.56
0.419	 3.69	 23.92	 27.88	 0.0646	 0.746	 18.722	 11.91
0.459	 3.98	 22.07	 25.83	 0.0658	 0.681	 16.062	 11.28
0.498	 4.28	 20.48	 24.05	 0.0667	 0.628	 13.907	 10.69
0.538	 4.58	 19.09	 22.48	 0.0672	 0.585	 12.141	 10.14
0.577	 4.88	 17.87	 21.09	 0.0672	 0.551	 10.681	 9.64
0.616	 5.18	 16.80	 19.86	 0.0668	 0.521	 9.461	 9.17
0.656	 5.49	 15.84	 18.76	 0.0659	 0.493	 8.433	 8.73
0.695	 5.79	 14.99	 17.77	 0.0645	 0.467	 7.560	 8.34
0.734	 6.10	 14.22	 16.87	 0.0625	 0.442	 6.813	 7.97
0.774	 6.41	 13.52	 16.06	 0.0598	 0.421	 6.169	 7.62
0.813	 6.72	 12.89	 15.32	 0.0564	 0.404	 5.610	 7.31
0.852	 7.03	 12.31	 14.64	 0.0518	 0.389	 5.123	 7.02
0.892	 7.34	 11.78	 14.02	 0.0459	 0.369	 4.695	 6.74
0.931	 7.65	 11.30	 13.45	 0.0379	 0.345	 4.318	 6.49
0.970	 7.96	 10.85	 12.92	 0.0261	 0.353	 3.984	 6.25

r/R 	 [ ], radial position of control points / propeller radius.
V* 	 [m/s], total inflow velocity.
beta 	 [deg], undisturbed flow angle.
betai 	 [deg], hydrodynamic Pitch angle.
Gamma 	 [m^2/s], vortex sheet strength.
CL 	 [ ], section lift coefficient.
Sigma 	 [ ], cavitation number.
d_alpha  [deg], inflow variation bucket width.
