					 DefaultPropeller_Performance.txt 

					 OpenProp Performance Table

Date and time: 2021-10-25 15:04:26

 r/R	 V*	 beta	 betai	 Gamma	 CL	 Sigma	 dBetai
0.252	 9.17	 49.66	 51.53	 0.0702	 0.299	 3.043	 16.03
0.290	 9.79	 45.68	 47.43	 0.0715	 0.272	 2.673	 16.38
0.328	 10.42	 42.17	 43.94	 0.0736	 0.251	 2.355	 16.33
0.366	 11.10	 39.08	 40.85	 0.0758	 0.233	 2.076	 16.10
0.404	 11.80	 36.35	 38.10	 0.0778	 0.216	 1.834	 15.74
0.442	 12.53	 33.93	 35.65	 0.0794	 0.201	 1.626	 15.32
0.479	 13.28	 31.79	 33.46	 0.0806	 0.187	 1.447	 14.85
0.517	 14.05	 29.87	 31.49	 0.0814	 0.174	 1.293	 14.36
0.555	 14.83	 28.15	 29.72	 0.0817	 0.162	 1.160	 13.87
0.593	 15.62	 26.61	 28.13	 0.0815	 0.151	 1.045	 13.39
0.631	 16.42	 25.22	 26.68	 0.0807	 0.141	 0.945	 12.91
0.669	 17.24	 23.95	 25.37	 0.0793	 0.132	 0.858	 12.45
0.707	 18.06	 22.80	 24.17	 0.0773	 0.124	 0.781	 12.01
0.744	 18.88	 21.76	 23.07	 0.0746	 0.116	 0.714	 11.59
0.782	 19.71	 20.79	 22.06	 0.0710	 0.109	 0.655	 11.20
0.820	 20.55	 19.91	 21.14	 0.0665	 0.102	 0.602	 10.82
0.858	 21.39	 19.10	 20.28	 0.0609	 0.095	 0.556	 10.46
0.896	 22.23	 18.35	 19.49	 0.0536	 0.088	 0.514	 10.11
0.934	 23.08	 17.65	 18.75	 0.0440	 0.081	 0.477	 9.79
0.972	 23.94	 17.00	 18.07	 0.0301	 0.081	 0.443	 9.49

r/R 	 [ ], radial position of control points / propeller radius.
V* 	 [m/s], total inflow velocity.
beta 	 [deg], undisturbed flow angle.
betai 	 [deg], hydrodynamic Pitch angle.
Gamma 	 [m^2/s], vortex sheet strength.
CL 	 [ ], section lift coefficient.
Sigma 	 [ ], cavitation number.
d_alpha  [deg], inflow variation bucket width.
