					 DefaultPropeller_Performance.txt 

					 OpenProp Performance Table

Date and time: 2025-10-18 20:27:03

 r/R	 V*	 beta	 betai	 Gamma	 CL	 Sigma	 dBetai
0.198	 6.07	 67.38	 67.38	 0.0000	 0.000	 6.965	 12.99
0.239	 6.27	 63.34	 63.34	 0.0000	 0.000	 6.526	 14.53
0.279	 6.50	 59.56	 59.56	 0.0000	 0.000	 6.073	 15.69
0.320	 6.75	 56.06	 56.06	 0.0000	 0.000	 5.621	 16.50
0.360	 7.03	 52.82	 52.82	 0.0000	 0.000	 5.183	 17.03
0.401	 7.33	 49.84	 49.84	 0.0000	 0.000	 4.767	 17.33
0.442	 7.64	 47.10	 47.10	 0.0000	 0.000	 4.378	 17.45
0.482	 7.98	 44.58	 44.58	 0.0000	 0.000	 4.018	 17.43
0.523	 8.33	 42.27	 42.27	 0.0000	 0.000	 3.688	 17.29
0.564	 8.69	 40.15	 40.15	 0.0000	 0.000	 3.388	 17.08
0.604	 9.06	 38.20	 38.20	 0.0000	 0.000	 3.115	 16.80
0.645	 9.44	 36.40	 36.40	 0.0000	 0.000	 2.868	 16.49
0.685	 9.83	 34.75	 34.75	 0.0000	 0.000	 2.644	 16.14
0.726	 10.22	 33.22	 33.22	 0.0000	 0.000	 2.442	 15.78
0.767	 10.63	 31.80	 31.80	 0.0000	 0.000	 2.259	 15.41
0.807	 11.04	 30.49	 30.49	 0.0000	 0.000	 2.094	 15.03
0.848	 11.45	 29.28	 29.28	 0.0000	 0.000	 1.945	 14.66
0.888	 11.87	 28.15	 28.15	 0.0000	 0.000	 1.809	 14.29
0.929	 12.29	 27.10	 27.10	 0.0000	 0.000	 1.686	 13.93
0.970	 12.72	 26.12	 26.12	 0.0000	 0.000	 1.574	 13.57

r/R 	 [ ], radial position of control points / propeller radius.
V* 	 [m/s], total inflow velocity.
beta 	 [deg], undisturbed flow angle.
betai 	 [deg], hydrodynamic Pitch angle.
Gamma 	 [m^2/s], vortex sheet strength.
CL 	 [ ], section lift coefficient.
Sigma 	 [ ], cavitation number.
d_alpha  [deg], inflow variation bucket width.
