					 Mini staartstuk v2_Performance.txt 

					 OpenProp Performance Table

Date and time: 2025-10-22 20:02:05

 r/R	 V*	 beta	 betai	 Gamma	 CL	 Sigma	 dBetai
0.181	 9.93	 33.59	 36.22	 0.0445	 0.549	 2.601	 14.91
0.222	 11.57	 28.38	 30.71	 0.0459	 0.422	 1.916	 13.73
0.264	 13.27	 24.48	 26.64	 0.0478	 0.343	 1.456	 12.49
0.305	 15.02	 21.47	 23.46	 0.0496	 0.291	 1.136	 11.36
0.347	 16.80	 19.10	 20.92	 0.0510	 0.250	 0.907	 10.37
0.388	 18.61	 17.19	 18.85	 0.0521	 0.218	 0.739	 9.51
0.430	 20.43	 15.61	 17.14	 0.0530	 0.193	 0.613	 8.76
0.471	 22.27	 14.30	 15.71	 0.0537	 0.173	 0.516	 8.11
0.513	 24.11	 13.18	 14.50	 0.0541	 0.158	 0.439	 7.54
0.554	 25.97	 12.23	 13.45	 0.0542	 0.147	 0.379	 7.04
0.596	 27.83	 11.40	 12.55	 0.0542	 0.138	 0.330	 6.60
0.637	 29.69	 10.67	 11.75	 0.0539	 0.130	 0.289	 6.20
0.679	 31.56	 10.03	 11.05	 0.0532	 0.123	 0.256	 5.85
0.720	 33.44	 9.47	 10.43	 0.0522	 0.117	 0.228	 5.54
0.761	 35.31	 8.96	 9.87	 0.0506	 0.112	 0.204	 5.26
0.803	 37.19	 8.50	 9.37	 0.0484	 0.108	 0.184	 5.00
0.844	 39.07	 8.09	 8.92	 0.0453	 0.105	 0.167	 4.77
0.886	 40.96	 7.72	 8.51	 0.0408	 0.102	 0.152	 4.55
0.927	 42.84	 7.38	 8.13	 0.0344	 0.096	 0.139	 4.36
0.969	 44.73	 7.06	 7.79	 0.0241	 0.099	 0.127	 4.18

r/R 	 [ ], radial position of control points / propeller radius.
V* 	 [m/s], total inflow velocity.
beta 	 [deg], undisturbed flow angle.
betai 	 [deg], hydrodynamic Pitch angle.
Gamma 	 [m^2/s], vortex sheet strength.
CL 	 [ ], section lift coefficient.
Sigma 	 [ ], cavitation number.
d_alpha  [deg], inflow variation bucket width.
