					 1_Performance.txt 

					 OpenProp Performance Table

Date and time: 2020-02-06 11:52:38

 r/R	 V*	 beta	 betai	 Gamma	 CL	 Sigma	 dBetai
0.167	 3.60	 45.56	 45.87	 0.0066	 0.085	 19.704	 17.26
0.209	 4.07	 39.14	 39.43	 0.0069	 0.067	 15.384	 16.81
0.251	 4.59	 34.11	 34.38	 0.0073	 0.056	 12.125	 15.90
0.293	 5.13	 30.11	 30.37	 0.0076	 0.048	 9.692	 14.84
0.336	 5.69	 26.88	 27.13	 0.0079	 0.042	 7.866	 13.79
0.378	 6.26	 24.24	 24.47	 0.0082	 0.037	 6.480	 12.81
0.420	 6.85	 22.05	 22.26	 0.0083	 0.033	 5.411	 11.91
0.462	 7.45	 20.21	 20.41	 0.0085	 0.029	 4.576	 11.10
0.504	 8.05	 18.64	 18.82	 0.0086	 0.027	 3.913	 10.37
0.546	 8.65	 17.29	 17.46	 0.0086	 0.025	 3.379	 9.72
0.589	 9.26	 16.12	 16.28	 0.0086	 0.023	 2.945	 9.14
0.631	 9.88	 15.09	 15.24	 0.0085	 0.022	 2.587	 8.62
0.673	 10.50	 14.18	 14.33	 0.0084	 0.021	 2.289	 8.15
0.715	 11.12	 13.38	 13.51	 0.0082	 0.020	 2.039	 7.72
0.757	 11.74	 12.66	 12.79	 0.0079	 0.019	 1.827	 7.33
0.800	 12.36	 12.01	 12.13	 0.0075	 0.018	 1.645	 6.98
0.842	 12.98	 11.42	 11.54	 0.0069	 0.017	 1.489	 6.66
0.884	 13.61	 10.89	 11.00	 0.0062	 0.016	 1.354	 6.37
0.926	 14.24	 10.41	 10.51	 0.0051	 0.015	 1.236	 6.10
0.968	 14.86	 9.96	 10.07	 0.0036	 0.016	 1.132	 5.85

r/R 	 [ ], radial position of control points / propeller radius.
V* 	 [m/s], total inflow velocity.
beta 	 [deg], undisturbed flow angle.
betai 	 [deg], hydrodynamic Pitch angle.
Gamma 	 [m^2/s], vortex sheet strength.
CL 	 [ ], section lift coefficient.
Sigma 	 [ ], cavitation number.
d_alpha  [deg], inflow variation bucket width.
