					 Fabricage Defo (C+T0)_Performance.txt 

					 OpenProp Performance Table

Date and time: 2020-01-23 16:42:11

 r/R	 V*	 beta	 betai	 Gamma	 CL	 Sigma	 dBetai
0.202	 3.62	 50.05	 53.00	 0.0609	 1.275	 19.563	 15.22
0.242	 3.94	 44.85	 47.72	 0.0631	 1.214	 16.485	 15.72
0.283	 4.28	 40.45	 43.41	 0.0663	 1.174	 13.974	 15.63
0.323	 4.64	 36.73	 39.67	 0.0694	 1.133	 11.866	 15.29
0.364	 5.02	 33.55	 36.44	 0.0723	 1.091	 10.129	 14.80
0.404	 5.41	 30.83	 33.63	 0.0747	 1.045	 8.703	 14.25
0.444	 5.82	 28.49	 31.18	 0.0766	 0.997	 7.530	 13.66
0.485	 6.23	 26.45	 29.03	 0.0779	 0.948	 6.560	 13.07
0.525	 6.65	 24.66	 27.13	 0.0788	 0.897	 5.753	 12.49
0.566	 7.08	 23.09	 25.45	 0.0790	 0.846	 5.078	 11.94
0.606	 7.51	 21.70	 23.96	 0.0787	 0.794	 4.509	 11.41
0.646	 7.94	 20.46	 22.62	 0.0777	 0.740	 4.027	 10.91
0.687	 8.38	 19.35	 21.41	 0.0761	 0.687	 3.615	 10.45
0.727	 8.82	 18.35	 20.32	 0.0737	 0.636	 3.260	 10.01
0.768	 9.26	 17.44	 19.34	 0.0705	 0.582	 2.954	 9.60
0.808	 9.71	 16.62	 18.44	 0.0663	 0.521	 2.687	 9.22
0.848	 10.16	 15.87	 17.61	 0.0609	 0.451	 2.454	 8.86
0.889	 10.60	 15.18	 16.86	 0.0539	 0.376	 2.249	 8.53
0.929	 11.05	 14.55	 16.16	 0.0444	 0.293	 2.068	 8.22
0.970	 11.51	 13.97	 15.52	 0.0305	 0.195	 1.908	 7.93

r/R 	 [ ], radial position of control points / propeller radius.
V* 	 [m/s], total inflow velocity.
beta 	 [deg], undisturbed flow angle.
betai 	 [deg], hydrodynamic Pitch angle.
Gamma 	 [m^2/s], vortex sheet strength.
CL 	 [ ], section lift coefficient.
Sigma 	 [ ], cavitation number.
d_alpha  [deg], inflow variation bucket width.
