					 Fabricage Defo_Performance.txt 

					 OpenProp Performance Table

Date and time: 2020-01-23 16:39:22

 r/R	 V*	 beta	 betai	 Gamma	 CL	 Sigma	 dBetai
0.202	 3.62	 50.05	 53.00	 0.0611	 1.089	 19.563	 15.22
0.242	 3.94	 44.85	 47.73	 0.0633	 0.916	 16.485	 15.72
0.283	 4.28	 40.45	 43.41	 0.0665	 0.809	 13.974	 15.62
0.323	 4.64	 36.73	 39.68	 0.0696	 0.729	 11.866	 15.28
0.364	 5.02	 33.55	 36.45	 0.0725	 0.659	 10.130	 14.80
0.404	 5.41	 30.83	 33.64	 0.0749	 0.599	 8.703	 14.24
0.444	 5.82	 28.49	 31.19	 0.0768	 0.550	 7.530	 13.66
0.485	 6.23	 26.45	 29.04	 0.0782	 0.508	 6.560	 13.07
0.525	 6.65	 24.66	 27.14	 0.0790	 0.474	 5.753	 12.49
0.566	 7.08	 23.09	 25.46	 0.0793	 0.447	 5.078	 11.93
0.606	 7.51	 21.70	 23.96	 0.0789	 0.424	 4.510	 11.41
0.646	 7.94	 20.46	 22.62	 0.0780	 0.402	 4.027	 10.91
0.687	 8.38	 19.35	 21.42	 0.0763	 0.380	 3.615	 10.44
0.727	 8.82	 18.35	 20.33	 0.0740	 0.359	 3.260	 10.01
0.768	 9.26	 17.44	 19.34	 0.0707	 0.341	 2.954	 9.60
0.808	 9.71	 16.62	 18.44	 0.0665	 0.327	 2.687	 9.22
0.848	 10.16	 15.87	 17.62	 0.0611	 0.314	 2.454	 8.86
0.889	 10.60	 15.18	 16.86	 0.0540	 0.298	 2.249	 8.53
0.929	 11.05	 14.55	 16.17	 0.0445	 0.277	 2.069	 8.22
0.970	 11.51	 13.97	 15.53	 0.0306	 0.283	 1.908	 7.93

r/R 	 [ ], radial position of control points / propeller radius.
V* 	 [m/s], total inflow velocity.
beta 	 [deg], undisturbed flow angle.
betai 	 [deg], hydrodynamic Pitch angle.
Gamma 	 [m^2/s], vortex sheet strength.
CL 	 [ ], section lift coefficient.
Sigma 	 [ ], cavitation number.
d_alpha  [deg], inflow variation bucket width.
