					 Salmon prop v2_Performance.txt 

					 OpenProp Performance Table

Date and time: 2021-03-11 13:26:02

 r/R	 V*	 beta	 betai	 Gamma	 CL	 Sigma	 dBetai
0.209	 5.75	 60.17	 62.86	 0.0934	 1.287	 7.738	 13.00
0.249	 6.06	 55.64	 58.41	 0.0970	 1.128	 6.972	 14.27
0.289	 6.38	 51.56	 54.55	 0.1020	 1.036	 6.290	 14.95
0.329	 6.73	 47.89	 51.03	 0.1074	 0.966	 5.644	 15.35
0.369	 7.11	 44.60	 47.83	 0.1124	 0.901	 5.055	 15.52
0.409	 7.51	 41.65	 44.92	 0.1169	 0.843	 4.527	 15.51
0.449	 7.93	 39.01	 42.28	 0.1207	 0.794	 4.059	 15.38
0.489	 8.36	 36.64	 39.88	 0.1236	 0.751	 3.647	 15.15
0.529	 8.81	 34.51	 37.69	 0.1256	 0.715	 3.284	 14.86
0.569	 9.27	 32.58	 35.71	 0.1266	 0.686	 2.965	 14.53
0.609	 9.74	 30.84	 33.89	 0.1266	 0.660	 2.685	 14.17
0.649	 10.22	 29.26	 32.23	 0.1255	 0.633	 2.439	 13.79
0.689	 10.70	 27.82	 30.72	 0.1232	 0.605	 2.222	 13.41
0.730	 11.19	 26.50	 29.32	 0.1195	 0.577	 2.031	 13.03
0.770	 11.69	 25.30	 28.04	 0.1145	 0.552	 1.861	 12.65
0.810	 12.19	 24.19	 26.85	 0.1077	 0.531	 1.710	 12.28
0.850	 12.69	 23.18	 25.75	 0.0989	 0.513	 1.576	 11.93
0.890	 13.20	 22.24	 24.74	 0.0874	 0.488	 1.456	 11.58
0.930	 13.71	 21.37	 23.79	 0.0720	 0.456	 1.349	 11.25
0.970	 14.23	 20.56	 22.91	 0.0494	 0.466	 1.252	 10.92

r/R 	 [ ], radial position of control points / propeller radius.
V* 	 [m/s], total inflow velocity.
beta 	 [deg], undisturbed flow angle.
betai 	 [deg], hydrodynamic Pitch angle.
Gamma 	 [m^2/s], vortex sheet strength.
CL 	 [ ], section lift coefficient.
Sigma 	 [ ], cavitation number.
d_alpha  [deg], inflow variation bucket width.
