					 SchroefBlyat_Performance.txt 

					 OpenProp Performance Table

Date and time: 2020-02-06 16:19:29

 r/R	 V*	 beta	 betai	 Gamma	 CL	 Sigma	 dBetai
0.202	 3.47	 52.99	 56.02	 0.0658	 1.222	 21.231	 14.66
0.242	 3.75	 47.86	 50.88	 0.0683	 1.040	 18.219	 15.44
0.283	 4.03	 43.45	 46.60	 0.0719	 0.928	 15.704	 15.59
0.323	 4.35	 39.66	 42.85	 0.0755	 0.845	 13.521	 15.46
0.364	 4.68	 36.39	 39.56	 0.0788	 0.770	 11.675	 15.15
0.404	 5.02	 33.55	 36.66	 0.0817	 0.705	 10.127	 14.72
0.444	 5.37	 31.09	 34.11	 0.0840	 0.651	 8.830	 14.23
0.485	 5.74	 28.93	 31.85	 0.0856	 0.605	 7.743	 13.72
0.525	 6.11	 27.03	 29.84	 0.0867	 0.567	 6.828	 13.19
0.566	 6.48	 25.35	 28.06	 0.0871	 0.537	 6.055	 12.67
0.606	 6.86	 23.85	 26.45	 0.0868	 0.510	 5.397	 12.17
0.646	 7.25	 22.51	 25.01	 0.0858	 0.484	 4.835	 11.69
0.687	 7.64	 21.31	 23.71	 0.0840	 0.459	 4.352	 11.23
0.727	 8.03	 20.23	 22.53	 0.0814	 0.435	 3.935	 10.79
0.768	 8.42	 19.24	 21.46	 0.0779	 0.413	 3.573	 10.38
0.808	 8.82	 18.35	 20.48	 0.0732	 0.396	 3.256	 9.99
0.848	 9.22	 17.53	 19.58	 0.0672	 0.381	 2.979	 9.62
0.889	 9.62	 16.78	 18.75	 0.0594	 0.361	 2.734	 9.28
0.929	 10.02	 16.08	 17.99	 0.0489	 0.336	 2.517	 8.95
0.970	 10.42	 15.45	 17.28	 0.0336	 0.343	 2.325	 8.65

r/R 	 [ ], radial position of control points / propeller radius.
V* 	 [m/s], total inflow velocity.
beta 	 [deg], undisturbed flow angle.
betai 	 [deg], hydrodynamic Pitch angle.
Gamma 	 [m^2/s], vortex sheet strength.
CL 	 [ ], section lift coefficient.
Sigma 	 [ ], cavitation number.
d_alpha  [deg], inflow variation bucket width.
