					 Schroefblad1750_Performance.txt 

					 OpenProp Performance Table

Date and time: 2020-03-10 12:53:13

 r/R	 V*	 beta	 betai	 Gamma	 CL	 Sigma	 dBetai
0.223	 4.63	 58.26	 60.34	 0.0684	 0.892	 11.959	 14.15
0.262	 4.87	 53.95	 56.02	 0.0705	 0.786	 10.768	 15.21
0.301	 5.13	 50.06	 52.26	 0.0736	 0.722	 9.692	 15.75
0.341	 5.42	 46.57	 48.84	 0.0768	 0.671	 8.692	 16.01
0.380	 5.72	 43.44	 45.75	 0.0799	 0.622	 7.788	 16.07
0.419	 6.04	 40.63	 42.95	 0.0825	 0.582	 6.982	 15.96
0.459	 6.38	 38.12	 40.42	 0.0847	 0.547	 6.268	 15.74
0.498	 6.72	 35.85	 38.12	 0.0863	 0.517	 5.639	 15.45
0.538	 7.07	 33.81	 36.03	 0.0873	 0.492	 5.086	 15.10
0.577	 7.44	 31.96	 34.14	 0.0877	 0.472	 4.600	 14.72
0.616	 7.80	 30.29	 32.41	 0.0873	 0.453	 4.173	 14.33
0.656	 8.18	 28.77	 30.83	 0.0863	 0.433	 3.796	 13.92
0.695	 8.56	 27.38	 29.38	 0.0845	 0.414	 3.464	 13.52
0.734	 8.94	 26.11	 28.05	 0.0818	 0.395	 3.171	 13.11
0.774	 9.33	 24.95	 26.83	 0.0782	 0.377	 2.910	 12.72
0.813	 9.73	 23.88	 25.71	 0.0734	 0.364	 2.678	 12.34
0.852	 10.12	 22.89	 24.66	 0.0673	 0.351	 2.471	 11.97
0.892	 10.52	 21.98	 23.70	 0.0594	 0.333	 2.286	 11.62
0.931	 10.92	 21.13	 22.80	 0.0489	 0.312	 2.120	 11.28
0.970	 11.32	 20.35	 21.96	 0.0335	 0.319	 1.970	 10.95

r/R 	 [ ], radial position of control points / propeller radius.
V* 	 [m/s], total inflow velocity.
beta 	 [deg], undisturbed flow angle.
betai 	 [deg], hydrodynamic Pitch angle.
Gamma 	 [m^2/s], vortex sheet strength.
CL 	 [ ], section lift coefficient.
Sigma 	 [ ], cavitation number.
d_alpha  [deg], inflow variation bucket width.
