					 SOLAR prop v2_Performance.txt 

					 OpenProp Performance Table

Date and time: 2020-12-16 22:53:57

 r/R	 V*	 beta	 betai	 Gamma	 CL	 Sigma	 dBetai
0.225	 6.49	 67.56	 68.78	 0.0530	 0.491	 6.083	 11.56
0.265	 6.67	 64.14	 65.40	 0.0547	 0.476	 5.755	 12.94
0.304	 6.87	 60.90	 62.28	 0.0572	 0.461	 5.426	 13.98
0.343	 7.08	 57.85	 59.33	 0.0599	 0.446	 5.093	 14.79
0.382	 7.32	 54.99	 56.55	 0.0625	 0.432	 4.764	 15.41
0.421	 7.58	 52.32	 53.94	 0.0649	 0.417	 4.446	 15.86
0.461	 7.85	 49.83	 51.49	 0.0670	 0.402	 4.143	 16.16
0.500	 8.13	 47.51	 49.20	 0.0686	 0.388	 3.856	 16.34
0.539	 8.43	 45.35	 47.05	 0.0698	 0.373	 3.587	 16.41
0.578	 8.74	 43.34	 45.05	 0.0705	 0.358	 3.337	 16.40
0.618	 9.06	 41.46	 43.17	 0.0707	 0.343	 3.104	 16.33
0.657	 9.38	 39.72	 41.42	 0.0702	 0.329	 2.890	 16.20
0.696	 9.72	 38.10	 39.78	 0.0690	 0.314	 2.693	 16.02
0.735	 10.06	 36.58	 38.25	 0.0671	 0.299	 2.511	 15.82
0.774	 10.41	 35.17	 36.81	 0.0644	 0.285	 2.344	 15.59
0.814	 10.77	 33.85	 35.47	 0.0608	 0.270	 2.191	 15.34
0.853	 11.13	 32.61	 34.21	 0.0559	 0.255	 2.050	 15.07
0.892	 11.49	 31.45	 33.02	 0.0495	 0.240	 1.920	 14.80
0.931	 11.86	 30.37	 31.90	 0.0408	 0.226	 1.802	 14.53
0.971	 12.24	 29.35	 30.85	 0.0280	 0.211	 1.692	 14.25

r/R 	 [ ], radial position of control points / propeller radius.
V* 	 [m/s], total inflow velocity.
beta 	 [deg], undisturbed flow angle.
betai 	 [deg], hydrodynamic Pitch angle.
Gamma 	 [m^2/s], vortex sheet strength.
CL 	 [ ], section lift coefficient.
Sigma 	 [ ], cavitation number.
d_alpha  [deg], inflow variation bucket width.
